
Lara0 {
  Address: 0x7000000
  EnergyCoeff: -0.078454 0.748941
  TIMECoeff: -96.1388 21349.2 -0.760594
}

Lara1 {
  Address: 0x7000001
  EnergyCoeff:  -0.0466971 0.747616
  TIMECoeff: -96.1388 21349.2 -0.760594
}

Lara2 {
  Address: 0x7000002
  EnergyCoeff:	-0.0257573 0.735485
  TIMECoeff: -96.1388 21349.2 -0.760594
}

Lara3 {
  Address: 0x7000003
  EnergyCoeff: -0.0760877 0.721759 
  TIMECoeff: -96.1388 21349.2 -0.760594
}
